local IMAGE = "rbxassetid://18216647696"
local Positions = UDim2.new(0.822025776, 0, 0.0401606411, 0)
local Sizes = UDim2.new(0, 76, 0, 70)

local KINGHUBMOBILE = Instance.new("ScreenGui")
local _100x100 = Instance.new("Frame")
local ImageButton = Instance.new("ImageButton")

KINGHUBMOBILE.Name = "King Script"
KINGHUBMOBILE.Parent = game:WaitForChild("CoreGui")
KINGHUBMOBILE.ZIndexBehavior = Enum.ZIndexBehavior.Sibling

_100x100.Name = "100x100"
_100x100.Parent = KINGHUBMOBILE
_100x100.BackgroundColor3 = Color3.fromRGB(255, 255, 255)
_100x100.Position = Positions
_100x100.Size = UDim2.new(0, 76, 0, 70)

ImageButton.Parent = _100x100
ImageButton.BackgroundColor3 = Color3.fromRGB(255, 255, 255)
ImageButton.Size = Sizes
ImageButton.Image = IMAGE
ImageButton.MouseButton1Down:connect(function()
        local vim = game:service("VirtualInputManager")
        vim:SendKeyEvent(true, "RightControl", false, game)

        local vim = game:service("VirtualInputManager")
        vim:SendKeyEvent(false, "RightControl", false, game)
end)

local UILib = loadstring(game:HttpGet("https://raw.githubusercontent.com/Hunryn/VB/main/libKINGuI.lUa"))()
local win = UILib:Window("King Script丨力量传奇",Color3.fromRGB(102, 255, 153), Enum.KeyCode.RightControl)

local Tab = win:Tab("人物调节及作者信息")
local Tab2 = win:Tab("抽水晶功能")
local tab = win:Tab("岩石功能")
local tab2 = win:Tab("跑步机功能")
local tab3 = win:Tab("深蹲架功能")
local tab4 = win:Tab("引体向上功能")
local tab5 = win:Tab("卧推功能")
local tab6 = win:Tab("投掷功能")
local tab7 = win:Tab("自动功能")

Tab:Label("作者现在叫King")
Tab:Label("作者原名是霖溺")
Tab:Button("点击复制QQ群", function()
setclipboard("霖溺QQ新主群https://qm.qq.com/q/SU0hmhIvwk")
end)
Tab:Label("正常速度改成16")
Tab:Textbox("速度", false, function(Value)
    game.Players.LocalPlayer.Character.Humanoid.WalkSpeed = Value
end)
Tab:Label("正常跳跃改成50")
Tab:Textbox("跳跃", false, function(Value)
    game.Players.LocalPlayer.Character.Humanoid.JumpPower = Value
end)
Tab:Label("正常高度改成0")
Tab:Textbox("调整悬浮高度", false, function(Value)
    game.Players.LocalPlayer.Character.Humanoid.HipHeight = Value
end)
Tab:Label("正常重力改成198")
Tab:Textbox("调整重力", false, function(Value)
    game.Workspace.Gravity = Value
end)

Tab2:Button("蓝色水晶（1000水晶）（0重生）", function()
     game:GetService("ReplicatedStorage").rEvents.openCrystalRemote:InvokeServer("openCrystal", "Blue Crystal")
end)
Tab2:Button("绿色水晶（3000水晶）（0重生）", function()
     game:GetService("ReplicatedStorage").rEvents.openCrystalRemote:InvokeServer("openCrystal", "Green Crystal")
end)
Tab2:Button("冰霜水晶（5000水晶）（1重生）", function()
     game:GetService("ReplicatedStorage").rEvents.openCrystalRemote:InvokeServer("openCrystal", "Frost Crystal")
end)
Tab2:Button("神话水晶（8000水晶）（5重生）", function()
     game:GetService("ReplicatedStorage").rEvents.openCrystalRemote:InvokeServer("openCrystal", "Mythical Crystal")
end)
Tab2:Button("地狱火水晶（15000水晶）（15重生）", function()
     game:GetService("ReplicatedStorage").rEvents.openCrystalRemote:InvokeServer("openCrystal", "Inferno Crystal")
end)
Tab2:Button("传奇水晶（30000水晶）（30重生）", function()
     game:GetService("ReplicatedStorage").rEvents.openCrystalRemote:InvokeServer("openCrystal", "Legends Crystal")
end)
Tab2:Button("肌肉精英水晶（100万水晶）（30重生）", function()
     game:GetService("ReplicatedStorage").rEvents.openCrystalRemote:InvokeServer("openCrystal", "Muscle Elite Crystal")
end)
Tab2:Button("力量之王水晶（1.500万水晶）（5重生）", function()
     game:GetService("ReplicatedStorage").rEvents.openCrystalRemote:InvokeServer("openCrystal", "Galaxy Oracle Crystal")
end)

tab:Toggle("传送安全地方", false, function(place)
    if place then
getgenv().place = true
while getgenv().place do
wait()
game.Players.LocalPlayer.Character:WaitForChild("HumanoidRootPart").CFrame = CFrame.new(-51.6716728, 32.2157211, 1290.41211, 0.9945544, 1.23613528e-08, -0.104218982, -7.58742402e-09, 1, 4.62031657e-08, 0.104218982, -4.51608102e-08, 0.9945544)
end
else
getgenv().place = false
wait()
game.Players.LocalPlayer.Character:WaitForChild("HumanoidRootPart").CFrame = CFrame.new(-34.1635208, 3.67689133, 219.640869, 0.599920511, -2.24152163e-09, 0.800059617, 4.46125981e-09, 1, -5.43559087e-10, -0.800059617, 3.89536625e-09, 0.599920511)
end
end)

tab:Toggle("自动打石头0", false, function(rock)
    getgenv().rock = rock
while getgenv().rock do
wait()
for i,v in pairs(game.Players.LocalPlayer.Backpack:GetChildren()) do
if v:IsA("Tool") and v.Name == "Punch" then
game.Players.LocalPlayer.Character:WaitForChild("Humanoid"):EquipTool(v)
end
end
for i,h in pairs(game.Players.LocalPlayer.Character:GetChildren()) do
if h:IsA("Tool") and h.Name == "Punch" then
h:Activate()
end
end
game.Players.LocalPlayer.Character:WaitForChild("HumanoidRootPart").CFrame = CFrame.new(7.60643005, 4.02632904, 2104.54004, -0.23040159, -8.53662385e-08, -0.973095655, -4.68743764e-08, 1, -7.66279342e-08, 0.973095655, 2.79580536e-08, -0.23040159)
end
if not getgenv().rock then
game.Players.LocalPlayer.Character:WaitForChild("Humanoid"):UnequipTools()
end
end)

tab:Toggle("自动打石头10", false, function(rock)
     if game.Players.LocalPlayer.Durability.Value >= 10 then
getgenv().rock = rock
while getgenv().rock do
wait()
for i,v in pairs(game.Players.LocalPlayer.Backpack:GetChildren()) do
if v:IsA("Tool") and v.Name == "Punch" then
game.Players.LocalPlayer.Character:WaitForChild("Humanoid"):EquipTool(v)
end
end
for i,h in pairs(game.Players.LocalPlayer.Character:GetChildren()) do
if h:IsA("Tool") and h.Name == "Punch" then
h:Activate()
end
end
game.Players.LocalPlayer.Character:WaitForChild("HumanoidRootPart").CFrame = CFrame.new(-157.680908, 3.72453046, 434.871185, 0.923298299, -1.81774684e-09, -0.384083599, 3.45247031e-09, 1, 3.56670582e-09, 0.384083599, -4.61917082e-09, 0.923298299)
end
if not getgenv().rock then
game.Players.LocalPlayer.Character:WaitForChild("Humanoid"):UnequipTools()
end
end
end)

tab:Toggle("自动打石头100", false, function(rock)
    if game.Players.LocalPlayer.Durability.Value >= 100 then
getgenv().rock = rock
while getgenv().rock do
wait()
for i,v in pairs(game.Players.LocalPlayer.Backpack:GetChildren()) do
if v:IsA("Tool") and v.Name == "Punch" then
game.Players.LocalPlayer.Character:WaitForChild("Humanoid"):EquipTool(v)
end
end
for i,h in pairs(game.Players.LocalPlayer.Character:GetChildren()) do
if h:IsA("Tool") and h.Name == "Punch" then
h:Activate()
end
end
game.Players.LocalPlayer.Character:WaitForChild("HumanoidRootPart").CFrame = CFrame.new(162.233673, 3.66615629, -164.686783, -0.921312928, -1.80826774e-07, -0.38882193, -9.13036544e-08, 1, -2.48719346e-07, 0.38882193, -1.93647494e-07, -0.921312928)
end
if not getgenv().rock then
game.Players.LocalPlayer.Character:WaitForChild("Humanoid"):UnequipTools()
end
end
end)

tab:Toggle("自动打石头5000", false, function(rock)
     if game.Players.LocalPlayer.Durability.Value >= 5000 then
getgenv().rock = rock
while getgenv().rock do
wait()
for i,v in pairs(game.Players.LocalPlayer.Backpack:GetChildren()) do
if v:IsA("Tool") and v.Name == "Punch" then
game.Players.LocalPlayer.Character:WaitForChild("Humanoid"):EquipTool(v)
end
end
for i,h in pairs(game.Players.LocalPlayer.Character:GetChildren()) do
if h:IsA("Tool") and h.Name == "Punch" then
h:Activate()
end
end
game.Players.LocalPlayer.Character:WaitForChild("HumanoidRootPart").CFrame = CFrame.new(329.831482, 3.66450214, -618.48407, -0.806075394, -8.67358096e-08, 0.591812849, -1.05715522e-07, 1, 2.57029176e-09, -0.591812849, -6.04919563e-08, -0.806075394)
end
if not getgenv().rock then
game.Players.LocalPlayer.Character:WaitForChild("Humanoid"):UnequipTools()
end
end
end)

tab:Toggle("自动打石头150000", false, function(rock)
     if game.Players.LocalPlayer.Durability.Value >= 150000 then
getgenv().rock = rock
while getgenv().rock do
wait()
for i,v in pairs(game.Players.LocalPlayer.Backpack:GetChildren()) do
if v:IsA("Tool") and v.Name == "Punch" then
game.Players.LocalPlayer.Character:WaitForChild("Humanoid"):EquipTool(v)
end
end
for i,h in pairs(game.Players.LocalPlayer.Character:GetChildren()) do
if h:IsA("Tool") and h.Name == "Punch" then
h:Activate()
end
end
game.Players.LocalPlayer.Character:WaitForChild("HumanoidRootPart").CFrame = CFrame.new(-2566.78076, 3.97019577, -277.503235, -0.923934579, -4.11600105e-08, -0.382550538, -3.38838042e-08, 1, -2.57576183e-08, 0.382550538, -1.08360858e-08, -0.923934579)
end
if not getgenv().rock then
game.Players.LocalPlayer.Character:WaitForChild("Humanoid"):UnequipTools()
end
end
end)

tab:Toggle("自动打石头400000", false, function(rock)
    if game.Players.LocalPlayer.Durability.Value >= 400000 then
getgenv().rock = rock
while getgenv().rock do
wait()
for i,v in pairs(game.Players.LocalPlayer.Backpack:GetChildren()) do
if v:IsA("Tool") and v.Name == "Punch" then
game.Players.LocalPlayer.Character:WaitForChild("Humanoid"):EquipTool(v)
end
end
for i,h in pairs(game.Players.LocalPlayer.Character:GetChildren()) do
if h:IsA("Tool") and h.Name == "Punch" then
h:Activate()
end
end
game.Players.LocalPlayer.Character:WaitForChild("HumanoidRootPart").CFrame = CFrame.new(2155.61743, 3.79830337, 1227.06482, -0.551303148, -9.16796949e-09, -0.834304988, -5.61318245e-08, 1, 2.61027839e-08, 0.834304988, 6.12216127e-08, -0.551303148)
end
if not getgenv().rock then
game.Players.LocalPlayer.Character:WaitForChild("Humanoid"):UnequipTools()
end
end
end)

tab:Toggle("自动打石头750000", false, function(rock)
    if game.Players.LocalPlayer.Durability.Value >= 750000 then
getgenv().rock = rock
while getgenv().rock do
wait()
for i,v in pairs(game.Players.LocalPlayer.Backpack:GetChildren()) do
if v:IsA("Tool") and v.Name == "Punch" then
game.Players.LocalPlayer.Character:WaitForChild("Humanoid"):EquipTool(v)
end
end
for i,h in pairs(game.Players.LocalPlayer.Character:GetChildren()) do
if h:IsA("Tool") and h.Name == "Punch" then
h:Activate()
end
end
game.Players.LocalPlayer.Character:WaitForChild("HumanoidRootPart").CFrame = CFrame.new(-7285.6499, 3.66624784, -1228.27417, 0.857643783, -1.58175091e-08, -0.514244199, -1.22581563e-08, 1, -5.12025977e-08, 0.514244199, 5.02172774e-08, 0.857643783)
end
if not getgenv().rock then
game.Players.LocalPlayer.Character:WaitForChild("Humanoid"):UnequipTools()
end
end
end)

tab:Toggle("自动打石头100万", false, function(rock)
    if game.Players.LocalPlayer.Durability.Value >= 1000000 then
getgenv().rock = rock
while getgenv().rock do
wait()
for i,v in pairs(game.Players.LocalPlayer.Backpack:GetChildren()) do
if v:IsA("Tool") and v.Name == "Punch" then
game.Players.LocalPlayer.Character:WaitForChild("Humanoid"):EquipTool(v)
end
end
for i,h in pairs(game.Players.LocalPlayer.Character:GetChildren()) do
if h:IsA("Tool") and h.Name == "Punch" then
h:Activate()
end
end
game.Players.LocalPlayer.Character:WaitForChild("HumanoidRootPart").CFrame = CFrame.new(4160.87109, 987.829102, -4136.64502, -0.893115997, 1.25481356e-05, 0.44982639, 5.02490684e-06, 1, -1.79187136e-05, -0.44982639, -1.37431543e-05, -0.893115997)
end
if not getgenv().rock then
game.Players.LocalPlayer.Character:WaitForChild("Humanoid"):UnequipTools()
end
end
end)

tab:Toggle("自动打石头500万", false, function(rock)
    if game.Players.LocalPlayer.Durability.Value >= 5000000 then
getgenv().rock = rock
while getgenv().rock do
wait()
for i,v in pairs(game.Players.LocalPlayer.Backpack:GetChildren()) do
if v:IsA("Tool") and v.Name == "Punch" then
game.Players.LocalPlayer.Character:WaitForChild("Humanoid"):EquipTool(v)
end
end
for i,h in pairs(game.Players.LocalPlayer.Character:GetChildren()) do
if h:IsA("Tool") and h.Name == "Punch" then
h:Activate()
end
end
game.Players.LocalPlayer.Character:WaitForChild("HumanoidRootPart").CFrame = CFrame.new(-8957.54395, 5.53625107, -6126.90186, -0.803919137, 6.6065212e-08, 0.594738603, -8.93136143e-09, 1, -1.23155459e-07, -0.594738603, -1.04318865e-07, -0.803919137)
end
if not getgenv().rock then
game.Players.LocalPlayer.Character:WaitForChild("Humanoid"):UnequipTools()
end
end
end)

tab2:Toggle("海滩跑步机10", false, function(treadmill)
    getgenv().spam = treadmill
while getgenv().spam do
wait()
game.Players.LocalPlayer.Character:WaitForChild("Humanoid").WalkSpeed = 10
game.Players.LocalPlayer.Character:WaitForChild("HumanoidRootPart").CFrame = CFrame.new(238.671112, 5.40315914, 387.713165, -0.0160072874, -2.90710176e-08, -0.99987185, -3.3434191e-09, 1, -2.90212157e-08, 0.99987185, 2.87843993e-09, -0.0160072874)
local oldpos = game.Players.LocalPlayer.Character:WaitForChild("HumanoidRootPart").CFrame
local RunService = game:GetService("RunService")
local Players = game:GetService("Players")

local localPlayer = Players.LocalPlayer

RunService:BindToRenderStep("move",
    -- run after the character
    Enum.RenderPriority.Character.Value + 1,
    function()
            if localPlayer.Character then
                    local humanoid = localPlayer.Character:WaitForChild("Humanoid")
                    if humanoid then
                            humanoid:Move(Vector3.new(10000, 0, -1), true)
                    end
            end
    end
)
end

if not getgenv().spam then
local RunService = game:GetService("RunService")
local Players = game:GetService("Players")

local localPlayer = Players.LocalPlayer

RunService:UnbindFromRenderStep("move",
    -- run after the character
    Enum.RenderPriority.Character.Value + 1,
    function()
            if localPlayer.Character then
                    local humanoid = localPlayer.Character:FindFirstChild("Humanoid")
                    if humanoid then
                            humanoid:Move(Vector3.new(10000, 0, -1), true)
                    end
            end
    end
)
end
end)

tab2:Toggle("健身房跑步机2000", false, function(treadmill)
    if game.Players.LocalPlayer.Agility.Value >= 2000 then
getgenv().spam = treadmill
while getgenv().spam do
wait()
game.Players.LocalPlayer.Character:WaitForChild("Humanoid").WalkSpeed = 10
game.Players.LocalPlayer.Character:WaitForChild("HumanoidRootPart").CFrame = CFrame.new(-3005.37866, 14.3221855, -464.697876, -0.015773816, -1.38508964e-08, 0.999875605, -5.13225586e-08, 1, 1.30429667e-08, -0.999875605, -5.11104332e-08, -0.015773816)
local oldpos = game.Players.LocalPlayer.Character:WaitForChild("HumanoidRootPart").CFrame
local RunService = game:GetService("RunService")
local Players = game:GetService("Players")

local localPlayer = Players.LocalPlayer

RunService:BindToRenderStep("move",
    -- run after the character
    Enum.RenderPriority.Character.Value + 1,
    function()
            if localPlayer.Character then
                    local humanoid = localPlayer.Character:WaitForChild("Humanoid")
                    if humanoid then
                            humanoid:Move(Vector3.new(10000, 0, -1), true)
                    end
            end
    end
)
end
end

if not getgenv().spam then
local RunService = game:GetService("RunService")
local Players = game:GetService("Players")

local localPlayer = Players.LocalPlayer

RunService:UnbindFromRenderStep("move",
    -- run after the character
    Enum.RenderPriority.Character.Value + 1,
    function()
            if localPlayer.Character then
                    local humanoid = localPlayer.Character:FindFirstChild("Humanoid")
                    if humanoid then
                            humanoid:Move(Vector3.new(10000, 0, -1), true)
                    end
            end
    end
)
end
end)

tab2:Toggle("神话健身房跑步机2000", false, function(treadmill)
    if game.Players.LocalPlayer.Agility.Value >= 2000 then
getgenv().spam = treadmill
while getgenv().spam do
wait()
game.Players.LocalPlayer.Character:WaitForChild("Humanoid").WalkSpeed = 10
game.Players.LocalPlayer.Character:WaitForChild("HumanoidRootPart").CFrame = CFrame.new(2571.23706, 15.6896839, 898.650391, 0.999968231, 2.23868635e-09, -0.00797206629, -1.73198844e-09, 1, 6.35660768e-08, 0.00797206629, -6.3550246e-08, 0.999968231)
local oldpos = game.Players.LocalPlayer.Character:WaitForChild("HumanoidRootPart").CFrame
local RunService = game:GetService("RunService")
local Players = game:GetService("Players")

local localPlayer = Players.LocalPlayer

RunService:BindToRenderStep("move",
    -- run after the character
    Enum.RenderPriority.Character.Value + 1,
    function()
            if localPlayer.Character then
                    local humanoid = localPlayer.Character:WaitForChild("Humanoid")
                    if humanoid then
                            humanoid:Move(Vector3.new(10000, 0, -1), true)
                    end
            end
    end
)
end
end

if not getgenv().spam then
local RunService = game:GetService("RunService")
local Players = game:GetService("Players")

local localPlayer = Players.LocalPlayer

RunService:UnbindFromRenderStep("move",
    -- run after the character
    Enum.RenderPriority.Character.Value + 1,
    function()
            if localPlayer.Character then
                    local humanoid = localPlayer.Character:FindFirstChild("Humanoid")
                    if humanoid then
                            humanoid:Move(Vector3.new(10000, 0, -1), true)
                    end
            end
    end
)
end
end)

tab2:Toggle("永恒健身房跑步机3500", false, function(treadmill)
    if game.Players.LocalPlayer.Agility.Value >= 3500 then
getgenv().spam = treadmill
while getgenv().spam do
wait()
game.Players.LocalPlayer.Character:WaitForChild("Humanoid").WalkSpeed = 10
game.Players.LocalPlayer.Character:WaitForChild("HumanoidRootPart").CFrame = CFrame.new(-7077.79102, 29.6702118, -1457.59961, -0.0322036594, -3.31122768e-10, 0.99948132, -6.44344267e-09, 1, 1.23684493e-10, -0.99948132, -6.43611742e-09, -0.0322036594)
local oldpos = game.Players.LocalPlayer.Character:WaitForChild("HumanoidRootPart").CFrame
local RunService = game:GetService("RunService")
local Players = game:GetService("Players")

local localPlayer = Players.LocalPlayer

RunService:BindToRenderStep("move",
    -- run after the character
    Enum.RenderPriority.Character.Value + 1,
    function()
            if localPlayer.Character then
                    local humanoid = localPlayer.Character:WaitForChild("Humanoid")
                    if humanoid then
                            humanoid:Move(Vector3.new(10000, 0, -1), true)
                    end
            end
    end
)
end
end

if not getgenv().spam then
local RunService = game:GetService("RunService")
local Players = game:GetService("Players")

local localPlayer = Players.LocalPlayer

RunService:UnbindFromRenderStep("move",
    -- run after the character
    Enum.RenderPriority.Character.Value + 1,
    function()
            if localPlayer.Character then
                    local humanoid = localPlayer.Character:FindFirstChild("Humanoid")
                    if humanoid then
                            humanoid:Move(Vector3.new(10000, 0, -1), true)
                    end
            end
    end
)
end
end)

tab2:Toggle("传奇健身房跑步机3000", false, function(treadmill)
    if game.Players.LocalPlayer.Agility.Value >= 3000 then
getgenv().spam = treadmill
while getgenv().spam do
wait()
game.Players.LocalPlayer.Character:WaitForChild("Humanoid").WalkSpeed = 10
game.Players.LocalPlayer.Character:WaitForChild("HumanoidRootPart").CFrame = CFrame.new(4370.82812, 999.358704, -3621.42773, -0.960604727, -8.41949266e-09, -0.27791819, -6.12478646e-09, 1, -9.12496567e-09, 0.27791819, -7.06329528e-09, -0.960604727)
local oldpos = game.Players.LocalPlayer.Character:WaitForChild("HumanoidRootPart").CFrame
local RunService = game:GetService("RunService")
local Players = game:GetService("Players")

local localPlayer = Players.LocalPlayer

RunService:BindToRenderStep("move",
    -- run after the character
    Enum.RenderPriority.Character.Value + 1,
    function()
            if localPlayer.Character then
                    local humanoid = localPlayer.Character:WaitForChild("Humanoid")
                    if humanoid then
                            humanoid:Move(Vector3.new(10000, 0, -1), true)
                    end
            end
    end
)
end
end

if not getgenv().spam then
local RunService = game:GetService("RunService")
local Players = game:GetService("Players")

local localPlayer = Players.LocalPlayer

RunService:UnbindFromRenderStep("move",
    -- run after the character
    Enum.RenderPriority.Character.Value + 1,
    function()
            if localPlayer.Character then
                    local humanoid = localPlayer.Character:FindFirstChild("Humanoid")
                    if humanoid then
                            humanoid:Move(Vector3.new(10000, 0, -1), true)
                    end
            end
    end
)
end
end)

tab3:Toggle("沙滩深蹲架", false, function(rack)
    if game.Players.LocalPlayer.leaderstats.Strength.Value >= 1000 then
getgenv().spam = rack
while getgenv().spam do
wait()
if game.Players.LocalPlayer.machineInUse.Value == nil then
game.Players.LocalPlayer.Character:WaitForChild("HumanoidRootPart").CFrame = CFrame.new(232.627625, 3.67689133, 96.3039856, -0.963445187, -7.78685845e-08, -0.267905563, -7.92865222e-08, 1, -5.52570167e-09, 0.267905563, 1.5917589e-08, -0.963445187)
local vim = game:service("VirtualInputManager")
           vim:SendKeyEvent(true, "E", false, game)
else
local A_1 = "rep"
local A_2 = game:GetService("Workspace").machinesFolder["Squat Rack"].interactSeat
local Event = game:GetService("Players").LocalPlayer.muscleEvent
Event:FireServer(A_1, A_2)
end
end
end
if not getgenv().spam then
game.Players.LocalPlayer.Character:WaitForChild("Humanoid").Jump = true
end
end)

tab3:Toggle("深蹲架霜冻健身房", false, function(rack)
    if game.Players.LocalPlayer.leaderstats.Strength.Value >= 4000 then
getgenv().spam = rack
while getgenv().spam do
wait()
if game.Players.LocalPlayer.machineInUse.Value == nil then
game.Players.LocalPlayer.Character:WaitForChild("HumanoidRootPart").CFrame = CFrame.new(-2629.13818, 3.36860609, -609.827454, -0.995664716, -2.67296816e-08, -0.0930150598, -1.90042453e-08, 1, -8.39415222e-08, 0.0930150598, -8.18099295e-08, -0.995664716)
local vim = game:service("VirtualInputManager")
           vim:SendKeyEvent(true, "E", false, game)
else
local A_1 = "rep"
local A_2 = game:GetService("Workspace").machinesFolder["Squat Rack"].interactSeat
local Event = game:GetService("Players").LocalPlayer.muscleEvent
Event:FireServer(A_1, A_2)
end
end
end
if not getgenv().spam then
game.Players.LocalPlayer.Character:WaitForChild("Humanoid").Jump = true
end
end)

tab3:Toggle("深蹲架传奇健身房", false, function(rack)
    getgenv().spam = rack
while getgenv().spam do
wait()
if game.Players.LocalPlayer.machineInUse.Value == nil then
game.Players.LocalPlayer.Character:WaitForChild("HumanoidRootPart").CFrame = CFrame.new(4443.04443, 987.521484, -4061.12988, 0.83309716, 3.33018835e-09, 0.553126693, -2.87759438e-09, 1, -1.68654424e-09, -0.553126693, -1.86619012e-10, 0.83309716)
local vim = game:service("VirtualInputManager")
           vim:SendKeyEvent(true, "E", false, game)
else
local A_1 = "rep"
local A_2 = game:GetService("Workspace").machinesFolder["Squat Rack"].interactSeat
local Event = game:GetService("Players").LocalPlayer.muscleEvent
Event:FireServer(A_1, A_2)
end
end
if not getgenv().spam then
game.Players.LocalPlayer.Character:WaitForChild("Humanoid").Jump = true
end
end)

tab3:Toggle("深蹲架肌肉健身房", false, function(rack)
    getgenv().spam = rack
while getgenv().spam do
wait()
if game.Players.LocalPlayer.machineInUse.Value == nil then
game.Players.LocalPlayer.Character:WaitForChild("HumanoidRootPart").CFrame = CFrame.new(-8757.37012, 13.2186356, -6051.24365, -0.902269304, 1.63610299e-08, -0.431172907, 1.71076486e-08, 1, 2.14606288e-09, 0.431172907, -5.44002754e-09, -0.902269304)
local vim = game:service("VirtualInputManager")
           vim:SendKeyEvent(true, "E", false, game)
else
local A_1 = "rep"
local A_2 = game:GetService("Workspace").machinesFolder["Squat Rack"].interactSeat
local Event = game:GetService("Players").LocalPlayer.muscleEvent
Event:FireServer(A_1, A_2)
end
end
if not getgenv().spam then
game.Players.LocalPlayer.Character:WaitForChild("Humanoid").Jump = true
end
end)

tab4:Toggle("引体向上海滩", false, function(pull)
    if game.Players.LocalPlayer.leaderstats.Strength.Value >= 1000 then
getgenv().spam = pull
while getgenv().spam do
wait()
if game.Players.LocalPlayer.machineInUse.Value == nil then
game.Players.LocalPlayer.Character:WaitForChild("HumanoidRootPart").CFrame = CFrame.new(-185.157745, 5.81071186, 104.747154, 0.227061391, -8.2363325e-09, 0.97388047, 5.58502826e-08, 1, -4.56432803e-09, -0.97388047, 5.54278827e-08, 0.227061391)
local vim = game:service("VirtualInputManager")
           vim:SendKeyEvent(true, "E", false, game)
else
local A_1 = "rep"
local A_2 = game:GetService("Workspace").machinesFolder["Legends Pullup"].interactSeat
local Event = game:GetService("Players").LocalPlayer.muscleEvent
Event:FireServer(A_1, A_2)
end
end
end
if not getgenv().spam then
game.Players.LocalPlayer.Character:WaitForChild("Humanoid").Jump = true
end
end)

tab4:Toggle("引体向上神话游戏", false, function(pull)
    if game.Players.LocalPlayer.leaderstats.Strength.Value >= 4000 then
getgenv().spam = pull
while getgenv().spam do
wait()
if game.Players.LocalPlayer.machineInUse.Value == nil then
game.Players.LocalPlayer.Character:WaitForChild("HumanoidRootPart").CFrame = CFrame.new(2315.82104, 5.81071281, 847.153076, 0.993555248, 6.99809632e-08, 0.113349125, -7.05298859e-08, 1, 8.32554692e-10, -0.113349125, -8.82168916e-09, 0.993555248)
local vim = game:service("VirtualInputManager")
           vim:SendKeyEvent(true, "E", false, game)
else
local A_1 = "rep"
local A_2 = game:GetService("Workspace").machinesFolder["Legends Pullup"].interactSeat
local Event = game:GetService("Players").LocalPlayer.muscleEvent
Event:FireServer(A_1, A_2)
end
end
end
if not getgenv().spam then
game.Players.LocalPlayer.Character:WaitForChild("Humanoid").Jump = true
end
end)

tab4:Toggle("引体向上传奇健身房", false, function(pull)
    getgenv().spam = pull
while getgenv().spam do
wait()
if game.Players.LocalPlayer.machineInUse.Value == nil then
game.Players.LocalPlayer.Character:WaitForChild("HumanoidRootPart").CFrame = CFrame.new(4305.08203, 989.963623, -4118.44873, -0.953815758, -7.58000382e-08, -0.30039227, -8.98859724e-08, 1, 3.30721512e-08, 0.30039227, 5.85457904e-08, -0.953815758)
local vim = game:service("VirtualInputManager")
           vim:SendKeyEvent(true, "E", false, game)
else
local A_1 = "rep"
local A_2 = game:GetService("Workspace").machinesFolder["Legends Pullup"].interactSeat
local Event = game:GetService("Players").LocalPlayer.muscleEvent
Event:FireServer(A_1, A_2)
end
end
if not getgenv().spam then
game.Players.LocalPlayer.Character:WaitForChild("Humanoid").Jump = true
end
end)

tab5:Toggle("卧推海滩", false, function(bench)
    if game.Players.LocalPlayer.leaderstats.Strength.Value >= 150 then
getgenv().spam = bench
while getgenv().spam do
wait()
if game.Players.LocalPlayer.machineInUse.Value == nil then
game.Players.LocalPlayer.Character:WaitForChild("HumanoidRootPart").CFrame = CFrame.new(-241.827469, 7.91391563, 346.321808, 0.811665356, -1.43794319e-08, -0.584122717, -3.94010407e-08, 1, -7.93666999e-08, 0.584122717, 8.74342447e-08, 0.811665356)
local vim = game:service("VirtualInputManager")
           vim:SendKeyEvent(true, "E", false, game)
else
local A_1 = "rep"
local A_2 = game:GetService("Workspace").machinesFolder["Bench Press"].interactSeat
local Event = game:GetService("Players").LocalPlayer.muscleEvent
Event:FireServer(A_1, A_2)
end
end
end
if not getgenv().spam then
game.Players.LocalPlayer.Character:WaitForChild("Humanoid").Jump = true
end
end)

tab5:Toggle("卧推冰上体操", false, function(bench)
    if game.Players.LocalPlayer.leaderstats.Strength.Value >= 7500 then
getgenv().spam = bench
while getgenv().spam do
wait()
if game.Players.LocalPlayer.machineInUse.Value == nil then
game.Players.LocalPlayer.Character:WaitForChild("HumanoidRootPart").CFrame = CFrame.new(-3020.7019, 32.5691414, -194.773117, 0.924556971, 2.05821564e-08, 0.381043822, -3.5507064e-08, 1, 3.21384199e-08, -0.381043822, -4.32435456e-08, 0.924556971)
local vim = game:service("VirtualInputManager")
           vim:SendKeyEvent(true, "E", false, game)
else
local A_1 = "rep"
local A_2 = game:GetService("Workspace").machinesFolder["Bench Press"].interactSeat
local Event = game:GetService("Players").LocalPlayer.muscleEvent
Event:FireServer(A_1, A_2)
end
end
end
if not getgenv().spam then
game.Players.LocalPlayer.Character:WaitForChild("Humanoid").Jump = true
end
end)

tab5:Toggle("卧推神话游戏", false, function(bench)
    if game.Players.LocalPlayer.leaderstats.Strength.Value >= 15000 then
getgenv().spam = bench
while getgenv().spam do
wait()
if game.Players.LocalPlayer.machineInUse.Value == nil then
game.Players.LocalPlayer.Character:WaitForChild("HumanoidRootPart").CFrame = CFrame.new(2363.95483, 42.2141037, 1243.50562, -0.944882751, 2.18911698e-08, 0.32740894, 4.06544087e-09, 1, -5.51292381e-08, -0.32740894, -5.07596027e-08, -0.944882751)
local vim = game:service("VirtualInputManager")
           vim:SendKeyEvent(true, "E", false, game)
else
local A_1 = "rep"
local A_2 = game:GetService("Workspace").machinesFolder["Bench Press"].interactSeat
local Event = game:GetService("Players").LocalPlayer.muscleEvent
Event:FireServer(A_1, A_2)
end
end
end
if not getgenv().spam then
game.Players.LocalPlayer.Character:WaitForChild("Humanoid").Jump = true
end
end)

tab5:Toggle("卧推永恒健身房", false, function(bench)
    if game.Players.LocalPlayer.leaderstats.Strength.Value >= 15000 then
getgenv().spam = bench
while getgenv().spam do
wait()
if game.Players.LocalPlayer.machineInUse.Value == nil then
game.Players.LocalPlayer.Character:WaitForChild("HumanoidRootPart").CFrame = CFrame.new(-7172.77002, 48.3923645, -1105.06018, -0.972435296, -4.87620122e-09, 0.233172983, -2.76572942e-09, 1, 9.37805122e-09, -0.233172983, 8.47465476e-09, -0.972435296)
local vim = game:service("VirtualInputManager")
           vim:SendKeyEvent(true, "E", false, game)
else
local A_1 = "rep"
local A_2 = game:GetService("Workspace").machinesFolder["Bench Press"].interactSeat
local Event = game:GetService("Players").LocalPlayer.muscleEvent
Event:FireServer(A_1, A_2)
end
end
end
if not getgenv().spam then
game.Players.LocalPlayer.Character:WaitForChild("Humanoid").Jump = true
end
end)

tab5:Toggle("卧推传奇体操", false, function(bench)
    getgenv().spam = bench
while getgenv().spam do
wait()
if game.Players.LocalPlayer.machineInUse.Value == nil then
game.Players.LocalPlayer.Character:WaitForChild("HumanoidRootPart").CFrame = CFrame.new(4109.81152, 1024.02734, -3800.75122, 0.446250677, -7.44993258e-08, -0.894908011, -1.94296179e-09, 1, -8.4216893e-08, 0.894908011, 3.93206179e-08, 0.446250677)
local vim = game:service("VirtualInputManager")
           vim:SendKeyEvent(true, "E", false, game)
else
local A_1 = "rep"
local A_2 = game:GetService("Workspace").machinesFolder["Bench Press"].interactSeat
local Event = game:GetService("Players").LocalPlayer.muscleEvent
Event:FireServer(A_1, A_2)
end
end
if not getgenv().spam then
game.Players.LocalPlayer.Character:WaitForChild("Humanoid").Jump = true
end
end)

tab5:Toggle("卧推肌肉运动", false, function(bench)
    getgenv().spam = bench
while getgenv().spam do
wait()
if game.Players.LocalPlayer.machineInUse.Value == nil then
game.Players.LocalPlayer.Character:WaitForChild("HumanoidRootPart").CFrame = CFrame.new(-8592.99805, 49.1056519, -6042.80322, -0.975815654, -1.70261014e-08, 0.218595073, -1.06326148e-08, 1, 3.04244203e-08, -0.218595073, 2.73643881e-08, -0.975815654)
local vim = game:service("VirtualInputManager")
           vim:SendKeyEvent(true, "E", false, game)
else
local A_1 = "rep"
local A_2 = game:GetService("Workspace").machinesFolder["Bench Press"].interactSeat
local Event = game:GetService("Players").LocalPlayer.muscleEvent
Event:FireServer(A_1, A_2)
end
end
if not getgenv().spam then
game.Players.LocalPlayer.Character:WaitForChild("Humanoid").Jump = true
end
end)

tab6:Toggle("投掷海滩", false , function(lift)
    if game.Players.LocalPlayer.leaderstats.Strength.Value >= 3000 then
getgenv().spam = lift
while getgenv().spam do
wait()
if game.Players.LocalPlayer.machineInUse.Value == nil then
game.Players.LocalPlayer.Character:WaitForChild("HumanoidRootPart").CFrame = CFrame.new(-91.6730804, 3.67689133, -292.42868, -0.221022144, -2.21041621e-08, -0.975268781, 1.21414407e-08, 1, -2.54162646e-08, 0.975268781, -1.7458726e-08, -0.221022144)
local vim = game:service("VirtualInputManager")
           vim:SendKeyEvent(true, "E", false, game)
else
local A_1 = "rep"
local A_2 = game:GetService("Workspace").machinesFolder.Deadlift.interactSeat
local Event = game:GetService("Players").LocalPlayer.muscleEvent
Event:FireServer(A_1, A_2)
end
end
end
if not getgenv().spam then
game.Players.LocalPlayer.Character:WaitForChild("Humanoid").Jump = true
end
end)

tab6:Toggle("扔神话游戏", false, function(lift)
    if game.Players.LocalPlayer.leaderstats.Strength.Value >= 10000 then
getgenv().spam = lift
while getgenv().spam do
wait()
if game.Players.LocalPlayer.machineInUse.Value == nil then
game.Players.LocalPlayer.Character:WaitForChild("HumanoidRootPart").CFrame = CFrame.new(2486.01733, 3.67689276, 1237.89331, 0.883595645, -2.06135038e-08, -0.468250751, -3.3286871e-09, 1, -5.03036404e-08, 0.468250751, 4.60067362e-08, 0.883595645)
local vim = game:service("VirtualInputManager")
           vim:SendKeyEvent(true, "E", false, game)
else
local A_1 = "rep"
local A_2 = game:GetService("Workspace").machinesFolder.Deadlift.interactSeat
local Event = game:GetService("Players").LocalPlayer.muscleEvent
Event:FireServer(A_1, A_2)
end
end
end
if not getgenv().spam then
game.Players.LocalPlayer.Character:WaitForChild("Humanoid").Jump = true
end
end)

tab6:Toggle("投掷传奇体操", false, function(lift)
    getgenv().spam = lift
while getgenv().spam do
wait()
if game.Players.LocalPlayer.machineInUse.Value == nil then
game.Players.LocalPlayer.Character:WaitForChild("HumanoidRootPart").CFrame = CFrame.new(4189.96143, 987.829773, -3903.0166, 0.422592968, 0, 0.906319559, 0, 1, 0, -0.906319559, 0, 0.422592968)
local vim = game:service("VirtualInputManager")
           vim:SendKeyEvent(true, "E", false, game)
else
local A_1 = "rep"
local A_2 = game:GetService("Workspace").machinesFolder.Deadlift.interactSeat
local Event = game:GetService("Players").LocalPlayer.muscleEvent
Event:FireServer(A_1, A_2)
end
end
if not getgenv().spam then
game.Players.LocalPlayer.Character:WaitForChild("Humanoid").Jump = true
end
end)

tab6:Toggle("投掷肌肉", false, function(lift)
    getgenv().spam = lift
while getgenv().spam do
wait()
if game.Players.LocalPlayer.machineInUse.Value == nil then
game.Players.LocalPlayer.Character:WaitForChild("HumanoidRootPart").CFrame = CFrame.new(8933.69434, 13.5269222, -5700.12598, -0.823058188, 6.96304259e-09, 0.567957044, -1.19721832e-08, 1, -2.96093621e-08, -0.567957044, -3.11699146e-08, -0.823058188)
local vim = game:service("VirtualInputManager")
           vim:SendKeyEvent(true, "E", false, game)
else
local A_1 = "rep"
local A_2 = game:GetService("Workspace").machinesFolder.Deadlift.interactSeat
local Event = game:GetService("Players").LocalPlayer.muscleEvent
Event:FireServer(A_1, A_2)
end
end
if not getgenv().spam then
game.Players.LocalPlayer.Character:WaitForChild("Humanoid").Jump = true
end
end)

noCD = false
punchCooldown = 0.35

tab7:Toggle("自动挥拳", false, function(Value)
    autopunch = Value
                game:GetService("RunService").Stepped:connect(
                function()
                        pcall(
                                function()
                                        if autopunch then
                                                game.Players.LocalPlayer.Character.Humanoid:ChangeState(11)
                                                game:GetService("Players").LocalPlayer.muscleEvent:FireServer("punch", "leftHand")
                                                game:GetService("Players").LocalPlayer.muscleEvent:FireServer("punch", "rightHand")
                                                if autopunch then
                                                        game.Players.LocalPlayer.Character.Humanoid:EquipTool(
                                                                game:GetService("Players").LocalPlayer.Backpack.Punch
                                                        )
                                                end
                                        end

                                end
                        )
                end
                )
end)

tab7:Toggle("自动举哑铃开关",'Toggleflag',false, function(state)
    if Section.Text=="关"
    then Section.Text="开"
    else Section.Text="关"
    end
    if state then
        local part = Instance.new('Part', workspace)
        part.Size = Vector3.new(500, 20, 530.1)
        part.Position = Vector3.new(0, 100000, 133.15)
        part.CanCollide = true
        part.Anchored = true
        local rs = game:GetService("RunService").RenderStepped
        while wait() do 
        if Section.Text=="关" then
            game.Players.LocalPlayer.Character.HumanoidRootPart.CFrame = part.CFrame + Vector3.new(0, 50, 0)
        for i,v in pairs(game.Players.LocalPlayer.Backpack:GetChildren()) do
        if v.ClassName == "Tool" and v.Name == "Weight" then
        v.Parent = game.Players.LocalPlayer.Character
        end
        end
        game:GetService("Players").LocalPlayer.muscleEvent:FireServer("rep")
        end
        end
        end
end)
tab7:Toggle("自动俯卧撑开关",'Toggleflag',false, function(state)
    if Section.Text=="关"
    then Section.Text="开"
    else Section.Text="关"
    end
    if state then
        local part = Instance.new('Part', workspace)
        part.Size = Vector3.new(500, 20, 530.1)
        part.Position = Vector3.new(0, 100000, 133.15)
        part.CanCollide = true
        part.Anchored = true
        local rs = game:GetService("RunService").RenderStepped
        while wait() do 
        if Section.Text=="关" then
            game.Players.LocalPlayer.Character.HumanoidRootPart.CFrame = part.CFrame + Vector3.new(0, 50, 0)
        
        for i,v in pairs(game.Players.LocalPlayer.Backpack:GetChildren()) do
            if v.ClassName == "Tool" and v.Name == "Pushups" then
                v.Parent = game.Players.LocalPlayer.Character
                end
        end
        game:GetService("Players").LocalPlayer.muscleEvent:FireServer("rep")
        end
        end
        end 
end)
tab7:Toggle("自动仰卧起坐开关",'Toggleflag',false, function(state)
    if Section.Text=="关"
    then Section.Text="开"
    else Section.Text="关"
    end
    if state then
        local part = Instance.new('Part', workspace)
        part.Size = Vector3.new(500, 20, 530.1)
        part.Position = Vector3.new(0, 100000, 133.15)
        part.CanCollide = true
        part.Anchored = true
        local rs = game:GetService("RunService").RenderStepped
        while wait() do 
        if Section.Text=="关" then
            game.Players.LocalPlayer.Character.HumanoidRootPart.CFrame = part.CFrame + Vector3.new(0, 50, 0)
        for i,v in pairs(game.Players.LocalPlayer.Backpack:GetChildren()) do
            if v.ClassName == "Tool" and v.Name == "Situps" then
                v.Parent = game.Players.LocalPlayer.Character
                end
                end
        end
        game:GetService("Players").LocalPlayer.muscleEvent:FireServer("rep")
         end
    end
end)
tab7:Toggle("自动倒立身体",'Toggleflag',false, function(state)
    if Section.Text=="关"
    then Section.Text="开"
    else Section.Text="关"
    end
    if state then
        local part = Instance.new('Part', workspace)
    part.Size = Vector3.new(500, 20, 530.1)
    part.Position = Vector3.new(0, 100000, 133.15)
    part.CanCollide = true
    part.Anchored = true
    local rs = game:GetService("RunService").RenderStepped
    while wait() do 
    if Section.Text=="关" then
        game.Players.LocalPlayer.Character.HumanoidRootPart.CFrame = part.CFrame + Vector3.new(0, 50, 0)
    
    for i,v in pairs(game.Players.LocalPlayer.Backpack:GetChildren()) do
        if v.ClassName == "Tool" and v.Name == "Handstands" then
